204
  -3.0000000e-01   2.0000000e-01  -2.0000000e-02
   1.9807968e-01  -2.3151136e-02  -3.0303258e-02
   1.3451996e-02  -1.6296723e-01   7.2728235e-02
   8.8395414e-02   8.2644958e-03   3.2396860e-02
  -9.1414444e-02  -5.2299920e-02  -1.1671597e-02
  -1.8594077e-01   2.7534983e-01   1.5200236e-02
  -3.9116010e-02  -1.5085769e-01  -5.5897032e-02
   1.4009542e-01  -1.7912286e-01  -5.2228035e-03
  -2.9000000e-01   1.1000000e-01  -2.0000000e-02
  -9.2732846e-02   4.1313321e-01   4.0347060e-02
  -3.1000000e-01   1.6000000e-01  -4.0000000e-02
  -1.2461058e-01  -2.6379120e-01  -1.5699462e-01
   9.5331686e-03  -4.4523383e-01  -9.4332093e-02
  -2.2410363e-01   3.4113974e-01   8.0397141e-03
   7.0000000e-02   4.1000000e-01   6.0000000e-02
   9.1126274e-02  -3.4650861e-01  -6.1115057e-02
  -4.8010948e-02   2.0349652e-01   2.9872859e-02
  -9.0000000e-02   1.5000000e-01   0.0000000e+00
   4.6173058e-02  -4.2769037e-01  -1.1775542e-01
   1.1928121e-01  -2.6953066e-01   8.0446230e-02
   1.2651557e-01   1.0705983e-01   1.0068162e-01
  -1.1000000e-01   5.0000000e-01   3.0000000e-02
   2.2728234e-03   2.3483586e-01   2.2125897e-02
  -8.1358090e-02   3.4794630e-01   3.7471269e-02
  -3.0000000e-02   3.3000000e-01   4.0000000e-02
   8.8395414e-02   8.2644958e-03   3.2396860e-02
   1.9428046e-01  -2.9927598e-02  -4.0154031e-02
   1.9428046e-01  -2.9927598e-02  -4.0154031e-02
   1.6369790e-01  -1.8429893e-01  -2.0706701e-03
  -1.0292423e-02  -1.8397347e-01   7.6500949e-02
   2.2393089e-02  -1.7357489e-01   7.1952375e-02
   6.7388139e-02  -2.9227000e-01  -5.6841782e-02
   6.7388139e-02  -2.9227000e-01  -5.6841782e-02
   1.0617468e-01   1.6755805e-01   8.7661885e-02
   1.1283351e-01   7.9901837e-02   8.7650986e-02
  -1.3368076e-01  -1.3647950e-03  -4.6133416e-03
  -4.9806339e-01  -3.9627049e-01  -3.2201993e-01
  -7.9881101e-03  -4.3652688e-01  -9.4917876e-02
  -9.1243106e-02   4.3635695e-01   4.2302741e-02
   3.0000000e-02   3.6000000e-01   7.0000000e-02
  -8.4796532e-02   3.3818103e-01   4.8037051e-02
  -8.4796532e-02   3.3818103e-01   4.8037051e-02
  -1.8594077e-01   2.7534983e-01   1.5200236e-02
  -1.5233935e-01   2.1367355e-01  -2.3191772e-03
  -1.7148317e-01   2.0827587e-01   4.5131200e-03
  -1.5000000e-01   1.4000000e-01   3.0000000e-02
  -2.8000000e-01   1.3000000e-01   1.0000000e-02
   1.6062829e-01   4.9138581e-02   9.5314288e-02
   1.2250066e-01   1.6480726e-01   7.6667171e-02
  -1.3942746e-01  -1.5799210e-02  -1.1177617e-02
  -1.5705751e-02   6.4759877e-03  -1.1167914e-02
  -4.9318855e-02  -1.0732402e-01  -5.0194716e-02
  -1.2091075e-01  -2.3359723e-01  -1.1451028e-01
   7.0205777e-02   3.0981651e-01   7.8556875e-02
   3.6000000e-01   1.0000000e-01   1.5000000e-01
   1.4653975e-01  -1.8906228e-01  -8.2694073e-03
   2.6350742e-01  -1.9801130e-01  -3.1613055e-02
   6.5421663e-02   1.7694153e-01   6.5816292e-02
   6.1961919e-02   1.6126346e-01   5.5317049e-02
  -1.2000000e-01   4.4000000e-01   1.0000000e-02
  -1.3942746e-01  -1.5799210e-02  -1.1177617e-02
  -5.0000000e-02  -3.3000000e-01  -1.2000000e-01
   1.1296262e-02  -3.9144676e-01  -1.0052266e-01
   1.1296262e-02  -3.9144676e-01  -1.0052266e-01
   2.5281944e-02  -4.7526511e-01  -9.1597377e-02
   1.0000000e-01   3.8000000e-01   9.0000000e-02
  -8.1358090e-02   3.4794630e-01   3.7471269e-02
  -2.2363857e-01   3.3151889e-01   8.5784822e-03
  -2.2309199e-01   3.1646292e-01   7.4275740e-03
   6.6990250e-02   3.1293723e-01   8.0132141e-02
   1.0000000e-01   2.5000000e-01   1.0000000e-01
   6.5421663e-02   1.7694153e-01   6.5816292e-02
   5.7414794e-02   1.5262649e-01   4.9945094e-02
   4.1861023e-02   1.2886320e-01   3.8484286e-02
   3.4000000e-01   1.1000000e-01   1.8000000e-01
   2.6931104e-01   4.9637993e-02   1.1671158e-01
   2.3000000e-01  -8.0000000e-02   1.0000000e-01
   1.4009542e-01  -1.7912286e-01  -5.2228035e-03
   1.5186344e-01  -2.9532366e-01  -2.8370786e-02
   6.9469195e-02  -1.8266440e-03   1.3411584e-01
   4.9020588e-02  -3.1987504e-01  -9.2853586e-02
   5.9402005e-02  -3.2475363e-01  -6.9334897e-02
  -2.3762649e-01   3.6066475e-01   3.2792075e-02
   6.0714166e-02   3.1995232e-01   8.1494356e-02
  -1.8243316e-01   2.6106657e-01  -4.1193154e-02
  -7.0000000e-02   2.6000000e-01  -0.0000000e+00
  -1.8231461e-01   2.4119081e-01  -1.5989801e-02
  -7.4070945e-02   7.7372443e-02  -2.1498774e-02
  -1.3942746e-01  -1.5799210e-02  -1.1177617e-02
   2.0673934e-02  -1.5828815e-01   7.7060204e-02
   1.3067785e-02  -1.6921660e-01   8.9570278e-02
  -4.0000000e-02  -1.9000000e-01  -1.5000000e-01
   1.5418119e-02  -2.2375152e-01  -8.5415929e-02
   1.5418119e-02  -2.2375152e-01  -8.5415929e-02
   1.4272709e-02  -2.3954226e-01  -1.0770174e-01
   3.3916109e-02  -4.6691375e-01  -9.3008590e-02
   9.5331686e-03  -4.4523383e-01  -9.4332093e-02
  -1.6939419e-01   2.1725718e-01   9.8585830e-03
   6.0714166e-02   3.1995232e-01   8.1494356e-02
  -9.0980326e-02   4.3506610e-01   4.1461841e-02
  -7.0000000e-02   3.9000000e-01   7.0000000e-02
   6.6990250e-02   3.1293723e-01   8.0132141e-02
  -8.0000000e-02   2.5000000e-01   7.0000000e-02
  -1.5233935e-01   2.1367355e-01  -2.3191772e-03
   5.6743754e-03   1.6424266e-02  -5.3204611e-02
  -1.1585311e-02   2.6367775e-02  -1.9073546e-02
   2.6840982e-01   5.6096403e-02   1.2896078e-01
   7.2935577e-02   1.0723294e-01   8.3438214e-02
   1.3037106e-02   6.6231903e-03  -6.7144406e-02
   2.7651893e-01   5.8603242e-02   1.1786490e-01
   1.0620665e-02  -4.0577342e-02  -3.7064581e-02
   2.0451523e-02  -4.3987555e-02  -3.8243544e-02
   9.7294095e-03  -7.1655111e-02  -4.0786186e-02
   1.5871795e-01  -8.5635008e-02  -1.1823019e-01
   1.5619435e-01  -3.6178188e-01   3.8064080e-01
   2.6840982e-01   5.6096403e-02   1.2896078e-01
   3.8071802e-02   2.4531239e-01   8.6659782e-02
  -2.3559321e-01   3.6288556e-01   1.1606108e-02
   3.8071802e-02   2.4531239e-01   8.6659782e-02
   2.6353626e-01   4.8331426e-02   1.2611435e-01
  -3.4110423e-02  -3.1317130e-03  -1.1520460e-02
  -4.9318855e-02  -1.0732402e-01  -5.0194716e-02
   4.3834494e-02  -3.3477106e-01  -1.2694847e-01
   5.2949289e-02   3.7405745e-01   1.4042905e-01
   5.2949289e-02   3.7405745e-01   1.4042905e-01
   7.1291194e-02   3.0325801e-01   7.7641932e-02
   8.0000000e-02   2.1000000e-01   2.0000000e-02
   9.0000000e-02   1.4000000e-01   1.0000000e-02
   8.8395414e-02   8.2644958e-03   3.2396860e-02
   2.9839880e-01   6.3325934e-02   1.1234023e-01
   2.9839880e-01   6.3325934e-02   1.1234023e-01
   6.0312174e-02  -8.3574201e-02  -5.9821557e-03
   6.0312174e-02  -8.3574201e-02  -5.9821557e-03
   7.2174875e-02  -7.3126686e-02  -9.5923404e-04
   4.4324582e-02  -1.3926237e-01  -4.1464767e-02
   4.4324582e-02  -1.3926237e-01  -4.1464767e-02
  -2.7000000e-01   1.5000000e-01  -4.0000000e-02
   6.2271910e-02   2.9768712e-02   1.0932020e-01
   1.6468769e-01   1.0889435e-02   1.0993030e-01
   4.3109483e-02   1.2655555e-02   1.2237925e-01
   4.7090746e-03   1.0344717e-01   2.6194302e-02
  -2.7792824e-02  -1.5011646e-01   8.8399422e-02
   1.0561666e-01  -3.5523516e-01  -5.9916006e-02
   4.0000000e-02   2.6000000e-01   4.0000000e-02
  -4.8010948e-02   2.0349652e-01   2.9872859e-02
  -2.9878949e-02   1.8673838e-01   2.9532074e-02
  -7.5223155e-02   1.0837887e-01  -5.5489396e-02
  -8.0701688e-02   1.3950488e-01  -9.3365421e-02
  -7.9302663e-02   1.2169216e-01  -8.5781294e-02
  -6.8479895e-02   7.4458312e-02  -7.2265464e-02
  -6.2408867e-02   4.2047896e-02  -2.8365472e-02
  -7.5998150e-02   1.2390608e-01  -5.2205889e-02
  -1.0000000e-02  -1.2000000e-01  -1.3000000e-01
  -1.9000000e-01   4.0000000e-02  -4.0000000e-02
   5.2136629e-02   1.2624737e-01   7.6294364e-02
  -5.9343629e-02  -4.3427939e-02  -5.3447121e-02
  -7.3392268e-02  -4.1053652e-02  -5.2648251e-02
  -9.0000000e-02  -1.9000000e-01  -1.0000000e-02
   3.8498791e-02  -3.0801008e-01  -1.0613125e-01
  -7.0427928e-02  -3.6413758e-02  -6.5171554e-02
  -1.0940639e-01   1.4094865e-02  -1.1491798e-01
   1.2113189e-01  -3.6430441e-01  -2.4597062e-01
   4.6173058e-02  -4.2769037e-01  -1.1775542e-01
   3.9306135e-02  -3.1473536e-01  -1.2044653e-01
   2.9839880e-01   6.3325934e-02   1.1234023e-01
   2.9839880e-01   6.3325934e-02   1.1234023e-01
   6.2796275e-02  -3.4244227e-01  -6.0385366e-02
  -2.3762649e-01   3.6066475e-01   3.2792075e-02
   1.0000000e-02   1.6000000e-01   3.0000000e-02
  -2.7792824e-02  -1.5011646e-01   8.8399422e-02
  -2.7792824e-02  -1.5011646e-01   8.8399422e-02
   1.5871795e-01  -8.5635008e-02  -1.1823019e-01
   2.2839209e-02  -4.4080492e-01  -9.0763513e-02
  -1.0000000e-02  -8.0000000e-02   3.0000000e-02
  -3.5000000e-01   2.0000000e-01  -1.0000000e-02
   5.6329709e-02   1.4347405e-01   5.7492749e-02
   5.6329709e-02   1.4347405e-01   5.7492749e-02
   9.3632475e-02   1.0767393e-02   1.1408551e-01
   1.4889308e-01  -1.7485627e-02   1.0515894e-01
   4.4774096e-02  -3.2658466e-01  -1.4213658e-01
   5.5602284e-02  -3.7125826e-01  -1.0695332e-01
   6.0000000e-02  -3.8000000e-01   0.0000000e+00
   1.2314184e-01  -1.9983068e-01  -2.3362512e-03
  -7.4991298e-03   3.8888896e-02  -3.1038070e-02
   2.2728234e-03   2.3483586e-01   2.2125897e-02
  -4.8010948e-02   2.0349652e-01   2.9872859e-02
  -4.0647773e-02   1.9871509e-01   3.1151237e-02
   1.9807968e-01  -2.3151136e-02  -3.0303258e-02
   2.3765069e-03  -3.9540452e-01   7.1365647e-02
   2.3765069e-03  -3.9540452e-01   7.1365647e-02
   1.9586386e-03  -4.2053093e-01   8.6758983e-02
  -1.4605920e-01   1.9295755e-04   4.0831533e-04
  -3.7934952e-02  -1.1825699e-01  -5.3797786e-02
   6.6923818e-02  -3.2311576e-01  -6.9820301e-02
   7.3831259e-02  -3.3492233e-01  -6.3163644e-02
   7.3831259e-02  -3.3492233e-01  -6.3163644e-02
   1.1017859e-01  -3.7057952e-01  -5.5634044e-02
   8.0427772e-02  -3.7560193e-01  -5.0652039e-02
   7.0000000e-02  -4.4000000e-01  -1.4000000e-01
   5.7670455e-02  -3.7536149e-01  -8.1569229e-02
   3.6131423e-01  -1.1143286e+00   7.4917702e-03
   4.6943241e-02  -3.9062668e-01  -7.1964212e-02
   6.0254742e-01  -1.6524832e+00   8.1106458e-02
   6.0254742e-01  -1.6524832e+00   8.1106458e-02
