204
-0.3 0.2 -0.02
0.15 -0.02 -0.01
0.08 -0.21 -0.16
0.14 0.02 -0
-0.15 -0.07 -0.04
-0.22 0.27 0.03
-0.09 -0.19 -0.08
0.16 -0.18 -0.01
-0.29 0.11 -0.02
-0.06 0.44 0.05
-0.31 0.16 -0.04
-0.03 -0.28 -0.15
-0.05 -0.46 -0.14
-0.24 0.36 0.03
0.07 0.41 0.06
0.15 -0.36 -0.04
-0.08 0.22 0.01
-0.09 0.15 0
-0.02 -0.41 -0.02
0.1 -0.24 0
0.3 0.06 0.17
-0.11 0.5 0.03
0.01 0.18 0.06
-0.04 0.36 0.02
-0.03 0.33 0.04
0.14 0.04 0.01
0.14 -0.03 -0.03
0.23 -0.06 0.02
0.16 -0.17 -0.03
0.11 -0.18 -0.14
0.11 -0.25 -0.15
0.08 -0.3 -0.16
0.13 -0.28 -0.14
0.22 0.07 0.13
0.21 0.06 0.12
-0.18 -0.02 -0.01
-0.06 -0.23 -0.11
-0.06 -0.42 -0.09
-0.1 0.45 0.06
0.03 0.36 0.07
-0.1 0.34 0.07
-0.11 0.33 0.05
-0.19 0.27 0.05
-0.19 0.21 0.04
-0.19 0.2 0
-0.15 0.14 0.03
-0.28 0.13 0.01
0.2 0.01 0.13
0.24 0 0.15
-0.18 -0.01 0.01
-0.15 -0.1 -0.01
-0.12 -0.15 -0.02
-0.08 -0.2 -0.09
0.1 0.31 0.09
0.36 0.1 0.15
0.16 -0.2 -0.01
0.16 -0.22 -0.03
0.1 0.2 0.07
0.1 0.17 0.06
-0.12 0.44 0.01
-0.14 -0.03 -0.06
-0.05 -0.33 -0.12
-0.05 -0.39 -0.14
-0.05 -0.39 -0.13
-0.06 -0.47 -0.06
0.1 0.38 0.09
-0.05 0.36 0.06
-0.21 0.34 0.04
-0.18 0.33 0.03
0.09 0.33 0.11
0.1 0.25 0.1
0.09 0.18 0.09
0.07 0.16 0.1
0.1 0.14 0.07
0.34 0.11 0.18
0.28 0.03 0.16
0.23 -0.08 0.1
0.16 -0.18 0.04
0.15 -0.28 -0.03
0.13 0.04 0.08
0.15 -0.31 -0.03
0.15 -0.32 -0.03
-0.24 0.35 -0.01
0.06 0.33 0.05
-0.18 0.27 -0.01
-0.07 0.26 -0
-0.18 0.24 -0.01
-0.03 0.11 -0.04
-0.15 -0.01 -0.05
0.06 -0.18 -0.16
0.04 -0.19 -0.16
-0.04 -0.19 -0.15
0.01 -0.22 -0.17
0.02 -0.23 -0.17
-0.02 -0.28 -0.17
-0.06 -0.49 -0.12
-0.06 -0.45 -0.12
-0.18 0.21 -0.01
0.03 0.32 0.06
-0.08 0.43 0.07
-0.07 0.39 0.07
0.08 0.31 0.11
-0.08 0.25 0.07
-0.15 0.2 0.05
0.05 0.11 0.1
-0 0.05 0.07
0.26 0.06 0.18
0.06 0.04 0.09
0 0.03 0.07
0.25 0.02 0.16
-0.05 -0.02 0.04
-0.04 -0.03 0.04
-0.11 -0.05 0.04
0.13 -0.12 0.1
0.12 -0.25 -0
0.29 0.05 0.18
0.03 0.25 0.1
-0.25 0.37 0.03
0.02 0.24 0.09
0.24 0.09 0.16
-0.14 -0.09 0.01
-0.1 -0.13 0.02
-0.03 -0.33 -0.04
0.08 0.37 0.05
0.06 0.37 0.05
0.1 0.3 0.06
0.08 0.21 0.02
0.09 0.14 0.01
0.1 0.05 -0.02
0.29 0.04 0.1
0.27 0.02 0.08
0.06 -0.05 -0.09
0.1 -0.05 -0.07
0.14 -0.07 -0.03
0.1 -0.11 -0.1
0.11 -0.12 -0.09
-0.27 0.15 -0.04
0.11 0.01 0.1
0.15 -0.01 0.1
0.12 -0.02 0.1
0.06 -0.03 0.07
-0.03 -0.17 0.02
0.14 -0.38 -0.02
0.04 0.26 0.04
-0.04 0.21 -0.01
-0.04 0.18 -0.02
-0.08 0.1 -0.04
-0.11 0.07 -0.04
-0.1 0.06 -0.05
-0.06 0.03 -0.07
-0.03 -0 -0.08
-0.07 -0 -0.08
-0.01 -0.12 -0.13
-0.19 0.04 -0.04
0.24 0.08 0.12
-0.1 0.05 0.05
-0.13 0.04 0.05
-0.09 -0.19 -0.01
-0.01 -0.29 -0.02
-0.12 0.02 0.05
-0.15 0.05 0.04
-0 -0.35 -0.02
-0.04 -0.41 -0.03
-0.01 -0.32 -0.02
0.34 0.13 0.12
0.31 0.1 0.11
0.13 -0.33 -0.14
-0.21 0.38 -0
0.01 0.16 0.03
0.01 -0.13 0.04
-0.01 -0.15 0.02
0.08 -0.15 0.08
-0.03 -0.43 -0.02
-0.01 -0.08 0.03
-0.35 0.2 -0.01
-0.02 0.13 0.08
-0.03 0.13 0.08
0.17 -0.01 0.11
0.18 -0.05 0.12
0.05 -0.31 -0
0.02 -0.36 -0
0.06 -0.38 0
0.12 -0.21 0.01
0 0.08 0.08
0.02 0.21 0.06
-0.08 0.19 0.03
-0.07 0.19 0.01
0.2 -0.03 0.02
0.09 -0.38 -0.16
0.1 -0.4 -0.16
0.03 -0.42 -0.18
-0.19 -0.01 0
-0.11 -0.17 -0.04
0.15 -0.39 -0.09
0.14 -0.39 -0.07
0.13 -0.4 -0.07
0.1 -0.41 -0.01
0.09 -0.41 -0.01
0.07 -0.44 -0.14
0.05 -0.44 -0.09
-0 -0.46 -0.01
0.03 -0.44 -0.02
-0.02 -0.48 -0.13
-0.04 -0.48 -0.08
