566
0.03 -0.09 0.05
0 -0.29 -0.18
-0.04 -0.45 -0.15
-0.02 -0.27 -0.02
-0.15 -0 -0.05
0.03 -0.44 0
-0.2 0.24 0.01
0.12 -0.28 -0.01
-0.07 0.16 0.01
-0.16 0.29 0.03
-0.19 0.11 -0.02
-0.13 0.1 -0.02
-0.09 0.1 0.05
0.05 0.35 0.11
-0.15 0.06 0.04
-0.06 0.02 -0.07
-0.27 0.11 -0.04
0.02 -0.45 -0.03
0.33 0.08 0.13
-0.04 -0.38 -0.15
0.08 -0.16 0.07
0.09 -0.3 -0.01
0.02 -0.18 0.03
0.21 -0.12 0.05
-0.04 -0.46 -0.03
-0.01 -0.05 0.04
0.02 0.09 -0.04
-0.24 0.39 0.03
0.06 0.09 -0.03
0.06 -0.29 -0
-0.27 0.09 0
0.09 -0.35 -0
-0.14 0.22 0.05
0.26 -0.04 0.06
-0.01 -0.13 -0.14
0.3 0.12 0.11
-0.06 -0.46 -0.08
0.1 0.05 0.09
0.11 -0.02 -0.04
0.12 -0.33 -0.02
0.14 -0 -0.02
-0.02 0.21 -0
0.08 -0.13 -0.13
-0.01 -0.23 -0.17
0.3 0.09 0.11
0 -0.07 -0.11
-0.13 0.43 0.03
0.03 -0.46 -0.13
0.04 0.33 0.1
0.11 -0.1 -0.09
0.04 0.29 0.11
-0.23 0.13 -0.03
0.15 -0.36 -0.13
-0.09 0.06 0.06
-0.11 0.33 0.05
-0.08 -0.04 0.04
-0.06 0.13 -0.02
-0.06 -0.47 -0.12
-0.1 -0.02 0.05
0.12 -0.16 0.08
-0.13 -0.11 -0.05
0.11 -0.4 -0.03
0.02 -0.47 -0.18
0.18 -0.14 0.07
0.03 -0.45 -0.06
0.06 0.03 -0.06
0.03 0.43 0.09
-0.09 -0 -0.07
0.09 0.01 0.09
0.08 0.36 0.11
0.34 0.08 0.16
0.03 0 0.06
0.06 -0.43 -0.05
0.16 -0.24 -0.09
0.04 0.09 0.1
0.01 -0.44 -0.18
0.16 -0.39 -0.1
0.07 0.24 0.03
-0.12 -0.05 0.04
-0.07 -0.21 -0.01
0.07 0.4 0.11
-0.23 0.36 0.04
0.02 -0.4 -0
0.04 -0.25 0
0.13 -0.07 0.1
-0.12 0.02 -0.05
0.12 0.06 0
0.02 0.07 0.08
0.19 -0.02 0.03
0.04 -0.3 -0.17
0.14 -0.4 -0.13
-0.12 -0.13 0.01
0.16 -0.03 0.11
-0.21 0.32 -0.01
-0.01 0.1 0.08
0.27 0.06 0.18
-0.23 0.1 -0.04
0.21 0.06 0.13
-0.07 -0.18 -0.11
-0.12 -0.1 0.02
0.04 -0.42 -0.18
0.06 -0.16 -0.15
0.08 0.19 0.02
0.15 -0.06 -0.03
-0 -0.37 -0.01
-0.03 -0.32 -0.04
0.04 -0.12 0.06
0.01 0.03 0.07
0 -0.46 -0.07
0.16 -0.17 0.05
0.15 0.02 0.01
0.14 0.05 0.04
-0.18 0.32 0
0.09 -0.42 -0.08
0.05 -0.45 -0.16
-0.03 -0.06 -0.11
-0.05 0.39 0.06
0.16 -0.03 -0.01
0.18 -0.05 0.12
-0.07 0.43 0.01
0.06 0.06 -0.04
0.26 0.09 0.17
0.01 0.2 0.08
0.04 0.25 0.11
0.22 0.04 0.15
-0.04 0.18 0.07
0.06 -0.33 -0.17
0.12 -0.2 -0.13
0.02 -0.24 -0.18
0.13 -0.25 -0.14
0.29 0.12 0.15
-0.06 -0.49 -0.05
-0.01 -0.21 0.02
-0.23 0.33 0.04
0.07 -0.1 0.08
0.27 -0.01 0.07
-0.16 0.26 0.05
-0.05 -0.17 -0.14
-0.21 0.39 0.01
0.02 0.25 0.07
0.25 -0.07 0.05
-0.18 0.05 0.03
0.06 -0.07 0.07
-0.05 0.31 0
-0.12 -0.12 -0.07
-0.27 0.15 -0.04
0.03 0.22 0.04
0 0.13 -0.02
-0.15 -0.05 0.03
0.02 -0.15 -0.15
0.26 -0.05 0.1
0.09 -0.2 0.03
0.1 -0.13 0.09
-0.04 0.3 0.07
0.16 -0.33 -0.12
-0.14 0.09 0.04
-0.02 0.3 0.04
0.04 0.4 0.06
-0.17 0.02 0.04
-0.05 -0.37 -0.12
0.12 -0.09 -0.06
0.03 -0.37 -0
0.05 0.33 0.05
-0.03 0.12 -0.04
-0.04 0.16 -0.02
-0.13 0.07 -0.03
0.08 0.24 0.11
-0.17 0.21 0.05
0.1 -0.19 -0.15
-0.12 -0.02 -0.07
-0.25 0.34 0
-0.12 0.05 0.05
-0.09 0.35 0.07
0.06 0.01 0.08
0.14 -0.14 -0.07
0.22 -0.09 0.03
-0.11 0.5 0.04
0.14 -0.2 0.03
-0.06 -0.41 -0.07
0.05 -0.43 -0.01
0.26 0.1 0.11
-0.06 0.35 0.07
0.16 0.02 0.04
-0.3 0.12 -0.02
0.11 0.1 0.04
0.01 0.13 0.09
0.06 0.42 0.06
-0.04 0.25 0.07
0.04 0.37 0.05
-0.07 -0.12 0.03
-0.09 0.24 0.06
0.22 0.05 0.1
-0.26 0.37 0
-0.12 0.38 0.03
-0.02 0.29 0.01
0.08 0.39 0.05
-0.17 0.18 0.04
0.11 -0.16 -0.12
0.02 -0.4 -0.18
-0.01 0.08 -0.05
-0.12 0.2 -0.02
-0.02 -0.45 -0.17
-0.08 0.49 0.04
-0.04 0.33 0.05
0.08 0.08 0.1
0 -0.24 -0
-0.04 -0.14 -0.13
0.02 0.29 0.07
0.12 -0.14 -0.1
-0.09 -0.18 -0.01
0.02 -0.21 -0.17
-0.06 -0.33 -0.09
0.19 -0.15 0.03
-0.2 0.31 0.05
-0.22 0.28 0
0.12 -0.29 -0.15
-0.3 0.14 0
0.01 -0.08 0.03
0.11 -0.25 -0.15
0.22 -0.09 0.11
0.25 -0.01 0.13
-0.1 0.08 -0.04
0.08 -0.02 0.08
-0.09 0.39 0.07
-0.01 0.17 0.08
-0.04 0.21 0.07
0.22 -0.02 0.03
0.1 0.33 0.09
-0.08 -0.11 -0.11
0.17 -0.29 -0.07
0.15 -0.19 -0.1
0.05 0.47 0.08
0.15 0.02 0.08
-0.05 -0.2 0.01
-0.23 0.42 -0
0.22 0.01 0.15
0.03 -0.06 0.05
-0.11 0.2 0.01
-0.03 -0.09 0.02
-0.06 0.45 0.04
-0.05 -0.38 -0.04
0.3 0.08 0.18
-0.09 0.03 0.05
0.08 0.16 0.01
-0.11 0.46 0.05
0.15 -0.26 -0.12
0.07 -0.25 0
0.24 -0.05 0.12
0.09 -0.11 -0.11
0.1 -0.05 -0.08
-0.06 -0.43 -0.11
-0.06 0.19 -0.01
-0.26 0.17 -0.01
0.07 -0.38 0
0.29 0.11 0.17
0.34 0.14 0.12
0.05 0.22 0.1
-0.02 -0.18 0.02
0.05 0.04 0.08
-0.04 0.35 0.02
0.02 -0.33 -0.18
0.1 0.17 0.04
-0.19 0.21 0.04
0.03 -0.36 -0.18
-0.11 0.31 0.02
-0.05 0.22 -0.01
-0.07 -0.01 0.04
0.16 -0.07 0.11
0.06 0.28 0.03
0.07 0.45 0.06
-0.04 -0.28 -0.04
0.08 -0.42 -0.03
-0.1 -0.09 -0.09
-0 -0.36 -0.18
0.17 -0.15 -0.05
-0.03 -0.42 -0.16
0.09 0.06 -0.02
-0.05 -0.09 -0.11
-0.14 0.24 -0.01
0.05 0.14 -0
-0.07 -0.24 -0.09
0.08 0.29 0.11
0.1 -0.19 0.06
0.05 0.14 0.1
-0.19 0.2 0
-0.12 0.23 0.03
0.23 0.06 0.16
-0.02 0.05 0.07
-0.22 0.27 0.03
0.13 0.04 0.08
-0.06 -0.5 -0.12
-0.06 0.38 0.01
0.28 0.01 0.11
0.18 -0.14 -0.02
0.1 0.38 0.09
-0.28 0.19 -0.03
0.11 -0.42 -0.11
-0.16 -0.02 0.04
-0.01 0.2 0.06
0.06 0.45 0.1
-0.36 0.22 -0.05
-0.24 0.38 -0.02
0.23 0.08 0.12
-0.09 0.22 0.05
0.3 0.05 0.12
-0.11 0.44 0.01
-0.21 0.06 -0.03
0.22 0.01 0.06
0.09 -0.34 -0.16
0.12 -0.41 -0.07
0.34 0.12 0.17
0.12 -0.1 0.1
-0.06 -0.38 -0.09
-0.1 0.41 0.01
0.27 0.05 0.09
0.13 -0.33 -0.14
0.15 -0.32 -0.03
-0.06 -0.27 -0.09
0.21 -0.12 0.02
-0.19 0.35 0.03
0.06 -0.19 -0.16
0.15 -0.29 -0.03
-0.03 -0.48 -0.08
-0.04 0.08 0.07
0.07 0.18 0.1
0.21 -0.03 0.13
0.03 -0.22 0.02
-0.1 0.34 0.01
-0.01 0.21 0.03
-0.35 0.17 -0.04
0.15 -0.12 -0.04
-0.04 -0.23 -0
-0.08 0.22 0.02
-0.24 0.31 0.01
0.26 0.11 0.14
0.1 0.26 0.09
-0.2 0.03 0.01
0.02 -0.34 -0.01
0.11 -0.22 0.01
0.17 -0.32 -0.08
0.09 0.27 0.05
-0.18 0.29 -0.01
-0.04 -0.43 -0.03
-0.3 0.17 0.01
0.15 -0.23 -0.12
-0.09 0.45 0.06
-0.07 0.25 -0
0.09 0.03 -0.04
0.17 -0.35 -0.05
-0.2 0.12 0.01
-0.16 0.2 -0.02
0.13 -0.25 -0
-0.02 0.24 0.05
0.01 -0.1 -0.13
0.31 0.06 0.15
0.15 -0.39 -0.03
0.01 0.18 0.05
-0.08 0.31 0.07
-0.05 -0.33 -0.12
0.13 0 0.1
0.27 0.02 0.15
-0.06 -0.15 0.02
-0.04 -0.2 -0.15
0.03 -0.04 -0.1
0.17 -0.17 0.01
-0.1 0.17 -0.01
0.17 -0.36 -0.09
-0.15 -0.08 0
-0.11 0.18 0.04
-0.01 0.17 -0.01
-0.31 0.21 -0.03
-0.02 -0.4 -0.02
0.08 -0.4 -0.17
-0.18 0.07 -0.04
-0.08 0.27 0.08
-0.19 0.26 -0.01
-0.09 0.14 -0.01
0.06 -0 -0.07
-0.11 0.15 0.05
-0.08 -0.2 -0.08
0.15 -0.16 0.08
-0.24 0.08 0.02
0.16 -0.2 -0.07
0.05 -0.27 -0.17
0.14 -0.36 -0.02
0.06 -0.44 -0.11
0.03 0.05 -0.05
0.05 -0.2 0.03
-0.16 0.05 -0.04
0.1 -0.08 0.09
-0.07 0.13 0.06
-0.27 0.15 0.01
-0.33 0.19 -0.05
0.11 -0.42 -0.16
-0.09 0.04 -0.06
0.16 -0.38 -0.06
0.08 0.13 -0
-0.23 0.05 -0
0.12 0.03 -0.02
0.07 -0.23 -0.17
0.03 0.4 0.09
0.08 0.34 0.05
0.16 -0.26 -0.05
-0.16 0.16 -0.01
-0.06 -0.4 -0.12
-0.05 -0.05 0.03
-0.17 0.01 -0.04
0.08 0.43 0.1
-0.24 0.11 0.03
-0.16 0.11 0.01
0.17 0.01 0.1
0.04 0.19 0.09
-0.15 0.16 0.04
-0.12 -0.15 -0.05
-0.03 0.25 -0
-0.03 0.14 0.08
-0.06 0.09 -0.04
-0.15 0.27 -0
0.02 0.02 -0.07
-0.1 -0.17 -0.06
-0.25 0.07 -0.02
-0.06 0.05 -0.06
0.11 0.09 0.07
0.24 -0.05 0.03
0.01 -0.13 0.03
-0.06 -0.01 -0.08
-0.06 -0.25 -0.03
-0.16 -0.02 -0.03
-0.2 0.01 -0
0.16 -0.17 -0.07
-0.35 0.18 -0.01
0.04 -0.08 -0.12
-0.03 0.04 -0.07
0.07 -0.08 -0.11
-0.06 -0.3 -0.08
-0.12 0.4 0.06
0.09 0.36 0.07
-0.05 -0.25 -0.12
-0.09 -0.15 0.02
0.05 0.18 0.02
-0.21 0.36 -0.01
0.07 -0.19 0.05
0.03 0.36 0.08
0.15 -0.24 -0.02
-0.03 -0.26 -0.16
0.22 -0.06 0.01
0.18 -0.1 -0.02
-0.02 -0.14 0.02
-0.07 0.16 0.06
-0.01 -0.43 -0.01
-0.1 -0.04 -0.08
-0.06 0.06 0.06
-0.07 -0.07 0.03
-0.01 -0.17 -0.16
-0.13 0.47 0.02
-0 -0.31 -0.02
-0.05 -0.29 -0.11
0.02 -0.28 -0
-0.03 -0.35 -0.16
-0.15 -0.07 -0.04
0.08 -0.43 -0.17
-0.34 0.22 -0.02
0.2 -0.09 -0
-0.33 0.15 -0.01
-0.04 -0.3 -0.15
0.08 0.12 0.09
0.19 0.03 0.12
-0.02 -0.48 -0.12
0.25 -0.08 0.09
-0.06 0.28 -0.01
-0.08 0.11 -0.03
0.07 -0.13 0.08
0.2 -0.12 0.08
-0.04 -0.49 -0.15
-0.19 0.25 0.05
0.23 -0.1 0.08
0.08 0.32 0.11
-0.11 -0.16 -0.03
0.07 -0.28 -0.17
0.09 -0.02 -0.07
-0.14 -0.1 -0.02
0.05 -0.39 -0.17
0.15 -0.3 -0.12
-0.23 0.14 0.01
0.09 0.22 0.04
0.05 -0.13 -0.14
0.08 0.31 0.05
0.35 0.11 0.12
-0.06 -0.21 -0.12
0.08 -0.42 0
-0.12 0.12 0.05
0.05 -0.44 -0.08
-0.2 0.03 -0.02
0.09 0.41 0.07
-0.08 -0.22 -0.04
0.11 0.14 0.04
0.06 -0.34 -0
-0.18 -0.02 0
-0.03 -0.03 -0.09
0.09 0 -0.05
-0.06 0.03 0.05
0.08 -0.44 -0.14
-0.02 0.02 0.05
-0.16 0.14 0.02
0.03 -0.46 -0.1
0.26 0.03 0.08
-0.05 -0.35 -0.06
0.07 -0.04 -0.09
-0.09 -0.14 -0.1
0.1 -0.37 -0.16
0.17 -0.06 -0.01
-0.14 0.13 -0.01
-0.12 -0.07 -0.07
-0.03 -0.35 -0.03
-0.06 0.41 0.03
0.01 0.16 0.02
-0.09 0.25 0.03
-0.03 0.01 -0.08
-0.17 0.08 0.03
0.04 -0.15 0.06
-0.15 0.07 -0.02
-0.01 -0.46 -0.04
-0.11 0.48 -0
0.18 -0.1 0.11
-0.13 0.02 0.05
0.11 -0.03 0.1
-0.02 -0.48 -0.17
0.16 -0.17 -0.02
-0.21 0.09 0.03
-0.06 -0.44 -0.06
0.1 0.1 0
-0.17 0.23 -0.02
0.1 0.29 0.08
0.02 -0.18 -0.16
0 -0.01 -0.09
-0.31 0.16 -0.05
-0.07 -0.05 -0.09
-0.04 0.11 0.08
-0.1 0.28 0.04
0.16 -0.21 -0.01
0.16 -0.13 0.1
0.12 -0.05 -0.05
0.04 -0.31 -0
0.03 0.16 0.09
-0.11 0.13 -0.03
-0.07 0.42 0.06
0.1 0.24 0.05
0.1 0.22 0.07
-0.01 -0.32 -0.17
0.1 -0.31 -0.16
-0.02 -0.02 0.04
-0.01 -0.39 -0.17
0.15 -0.19 -0.04
0.36 0.13 0.15
0.1 0.15 0.07
-0.09 -0.17 -0.09
-0.16 -0.05 -0.01
-0.07 0.33 0
0.16 -0.23 -0.05
0.1 0.19 0.07
0.11 -0.38 -0.01
-0.09 -0.19 -0.04
0.02 -0.02 0.05
-0.08 0.46 0.01
0.36 0.09 0.15
-0.14 0.17 -0.03
