566
   1.9765205e-02  -4.3275094e-02   4.6503578e-02
   4.4243014e-02  -3.1438980e-01  -8.3400512e-02
   1.7149655e-02  -4.1385574e-01  -9.5441027e-02
   4.3106128e-02  -2.5366414e-01  -6.6529806e-02
  -1.8967976e-02   1.3571273e-02   3.4968838e-02
   3.2021557e-02  -3.7647178e-01  -9.0450986e-02
  -1.7994282e-01   2.5436770e-01   1.5605444e-02
   4.8215911e-02  -2.7730032e-01  -7.5347046e-02
  -5.2042830e-02   1.8183438e-01   3.5138507e-02
  -1.7780324e-01   2.6731627e-01   1.6191273e-02
  -1.5028016e-01   9.4035128e-02   6.8519032e-03
  -8.9290698e-02   1.2254341e-01   2.2752849e-02
  -5.7082876e-02   1.1408411e-01   2.8262368e-02
   6.2853621e-02   3.3824789e-01   7.6181357e-02
  -7.0052253e-02   1.0116857e-01   2.3100713e-02
   9.3811794e-03  -2.6002752e-03   4.2948757e-02
  -2.4049341e-01   1.2975309e-01  -9.7204365e-03
   2.4596959e-02  -3.8876006e-01  -9.1524549e-02
   2.8573230e-01   7.7289907e-02   1.3447939e-01
   2.7800145e-02  -3.8288688e-01  -9.1456122e-02
   2.5659244e-02  -9.2322449e-02   1.6879241e-02
   4.8678576e-02  -2.9412431e-01  -7.9894419e-02
   3.2128258e-02  -1.2164695e-01  -2.3988825e-03
   1.5272191e-02  -6.4127638e-02   2.3503615e-02
   1.3170009e-02  -4.0933163e-01  -8.8319420e-02
   1.3251947e-02  -1.0984715e-02   5.1445127e-02
  -1.8290414e-02   3.9542915e-02   4.3020264e-02
  -2.1935830e-01   3.4229836e-01   1.3906637e-02
  -1.2877534e-02   2.9456697e-02   4.4570696e-02
   4.7158444e-02  -2.8492333e-01  -7.7092982e-02
  -2.3445820e-01   1.2733954e-01  -9.3435893e-03
   4.9453470e-02  -3.1351782e-01  -8.4514837e-02
  -1.3826922e-01   2.2149355e-01   2.1979664e-02
   7.6040767e-02   3.5020762e-02   6.9027695e-02
   3.6835256e-02  -1.5442938e-01  -2.3632649e-02
   2.9755900e-01   8.0618270e-02   1.3803159e-01
   1.7825541e-02  -4.1123041e-01  -9.4102205e-02
  -9.5800009e-03   3.2414454e-02   4.7034285e-02
   2.0993964e-02  -4.2543293e-02   4.9772064e-02
   5.0026517e-02  -3.0925781e-01  -8.3816611e-02
   2.1540881e-02  -3.1686428e-02   5.4014852e-02
  -5.4518453e-02   1.9301089e-01   3.5687843e-02
   3.6892578e-02  -1.6802432e-01  -3.1796962e-02
   4.2882793e-02  -2.2733253e-01  -6.0434084e-02
   2.7197949e-01   7.2446946e-02   1.2942077e-01
   3.4437294e-02  -9.5158847e-02   1.3884435e-02
  -9.0515673e-02   4.2281291e-01   3.1844740e-02
   1.8422591e-02  -3.9245755e-01  -9.2171655e-02
   5.7850374e-02   3.2307959e-01   7.4502759e-02
   2.9581549e-02  -1.0989615e-01   7.1816055e-03
   5.3096433e-02   2.9267400e-01   7.0999570e-02
  -2.1745188e-01   1.1695805e-01  -6.4589975e-03
   4.9819782e-02  -3.2204396e-01  -8.6284332e-02
  -5.1067149e-02   9.2683847e-02   2.9250814e-02
  -7.4522376e-02   3.4118588e-01   3.6502162e-02
   4.5507614e-03   3.1721168e-03   4.6703966e-02
  -4.8749514e-02   1.1516939e-01   3.2266289e-02
   1.1417814e-02  -4.2743517e-01  -9.7395278e-02
  -1.4668959e-02   3.0078388e-02   4.2551479e-02
   2.2906003e-02  -7.5555584e-02   2.7198568e-02
   3.0883481e-02  -9.6067265e-02   8.2797098e-03
   4.2160177e-02  -3.5806512e-01  -8.9378445e-02
   1.8283457e-02  -4.0513785e-01  -9.4144945e-02
   1.9125336e-02  -6.4976013e-02   2.5732001e-02
   2.3525146e-02  -3.8942892e-01  -9.1594739e-02
   1.3300400e-02  -1.9877392e-02   4.7248930e-02
   6.3214713e-02   3.8933801e-01   7.7685123e-02
   1.1360698e-02  -4.8014035e-03   4.2760448e-02
   5.4605904e-03   1.3493360e-02   5.2619463e-02
   6.4010146e-02   3.4637715e-01   7.6632484e-02
   2.9377532e-01   7.8931790e-02   1.3761932e-01
   6.0068540e-04   6.7202382e-03   4.8101830e-02
   2.8094650e-02  -3.8171207e-01  -9.1078945e-02
   4.5908695e-02  -2.4475065e-01  -6.7009239e-02
  -3.5697171e-02   7.0177127e-02   3.5602034e-02
   2.3824607e-02  -3.9313696e-01  -9.2988240e-02
   4.6997007e-02  -3.4632421e-01  -8.8702304e-02
   2.2209264e-03   1.9910695e-01   5.1147047e-02
   2.6486225e-03   2.2830289e-03   4.5469581e-02
   3.7525808e-02  -1.5843449e-01  -2.6389247e-02
   6.4136493e-02   3.6712842e-01   7.7222859e-02
  -2.1411365e-01   3.3177501e-01   1.2951474e-02
   3.9853941e-02  -3.4876998e-01  -8.8278098e-02
   4.3292978e-02  -2.2727905e-01  -5.7747606e-02
   2.3551504e-02  -1.4503427e-02   5.6976347e-02
  -1.5828904e-02   2.5236088e-02   3.7746758e-02
   8.6825725e-03   1.7646002e-02   5.4881048e-02
  -3.3855362e-02   6.4301762e-02   3.5254521e-02
   3.2432512e-02  -1.4701123e-03   5.9831725e-02
   4.6523996e-02  -3.1081712e-01  -8.4121896e-02
   3.7358195e-02  -3.6055563e-01  -8.9889847e-02
   3.1418542e-02  -7.5481912e-02   2.4261614e-02
   4.0757505e-02   3.3316605e-03   6.3232259e-02
  -2.0089185e-01   2.9786641e-01   1.3850481e-02
  -4.5856149e-02   1.0130232e-01   3.1595231e-02
   2.6333380e-01   5.4246457e-02   1.2533471e-01
  -1.9312381e-01   1.0756084e-01  -5.4912507e-04
   2.1351503e-01   4.1834049e-02   1.1014334e-01
   3.7921313e-02  -1.8485768e-01  -4.0001263e-02
   3.0152232e-02  -5.2415860e-02   3.8263738e-02
   2.9987431e-02  -3.7642924e-01  -9.1348902e-02
   3.8615251e-02  -1.8083837e-01  -3.9165734e-02
  -2.0703710e-02   1.5045023e-01   4.2437897e-02
   2.0201108e-02  -5.4657642e-02   4.0103185e-02
   3.9691779e-02  -3.4536693e-01  -8.7628814e-02
   4.1266502e-02  -3.2222235e-01  -8.3312256e-02
   2.0788786e-02  -6.1488871e-02   3.7287782e-02
  -1.9391009e-02   3.7623833e-02   4.0754559e-02
   1.8813521e-02  -3.9750475e-01  -9.2199801e-02
   2.5364512e-02  -1.0359097e-01   7.7101693e-03
   2.5593200e-02  -2.8773171e-03   6.2358983e-02
   1.1376092e-02   2.6616349e-02   5.6110138e-02
  -1.9717053e-01   2.9729943e-01   1.4320080e-02
   3.0009280e-02  -3.7554804e-01  -9.0922860e-02
   2.4561017e-02  -3.8556835e-01  -9.1831635e-02
   3.4297879e-02  -9.3845992e-02   1.3734545e-02
  -7.8957631e-02   3.6409289e-01   3.5672244e-02
   1.8557768e-02  -3.1242010e-02   5.1076694e-02
   5.1041017e-02  -2.9228304e-03   6.4866560e-02
  -8.8384083e-02   4.1089611e-01   3.2944247e-02
  -4.6038835e-04   6.2553478e-03   4.8829377e-02
   2.7913902e-01   6.5459020e-02   1.3257257e-01
  -7.4163934e-03   2.0678851e-01   5.2688830e-02
   3.3843432e-02   2.5163606e-01   6.3597648e-02
   2.2235383e-01   4.0574133e-02   1.1213607e-01
  -4.7218459e-02   1.7086663e-01   3.6045157e-02
   4.5124005e-02  -3.2703640e-01  -8.6623693e-02
   4.3180451e-02  -2.2183174e-01  -5.8724893e-02
   4.5961706e-02  -2.5408685e-01  -7.0330542e-02
   4.8339466e-02  -2.6986260e-01  -7.5646781e-02
   2.9396498e-01   7.9298457e-02   1.3840390e-01
  -1.1133663e-02  -4.4230592e-01  -7.9366021e-02
   3.7498474e-02  -1.5674684e-01  -2.5579769e-02
  -2.0379750e-01   3.0922109e-01   1.4255129e-02
   1.8167456e-02  -4.5503558e-02   4.4797159e-02
   1.3182943e-01   4.4551910e-02   8.5220057e-02
  -1.6786996e-01   2.4846024e-01   1.7124536e-02
   3.7612205e-02  -1.7908629e-01  -3.8745373e-02
  -2.1158901e-01   3.2808606e-01   1.1588751e-02
   1.5630676e-02   2.4174587e-01   6.3224182e-02
   2.7781536e-02  -2.5331946e-03   4.7709922e-02
  -9.2117958e-02   1.0249904e-01   1.7799874e-02
   1.5376318e-02  -2.8877594e-02   5.0349810e-02
  -6.4925364e-02   2.9790520e-01   3.7318950e-02
   3.4254837e-02  -1.1719831e-01  -2.2421685e-03
  -2.6875637e-01   1.4039623e-01  -1.5181661e-02
   6.0212276e-03   2.2199040e-01   5.8428643e-02
  -3.6074479e-02   7.8437212e-02   3.7986237e-02
  -1.3728598e-03   1.6771914e-03   4.2779580e-02
   3.8984473e-02  -1.8279655e-01  -4.0801248e-02
   7.4601991e-02   3.6246007e-02   6.6561734e-02
   3.5731964e-02  -1.4058965e-01  -1.5845999e-02
   2.0502446e-02  -5.8414425e-02   3.7881858e-02
  -6.5959069e-02   3.0508315e-01   3.6965922e-02
   5.1729553e-02  -3.0095824e-01  -8.3357471e-02
  -7.0579892e-02   1.1414829e-01   2.4547848e-02
  -6.4044799e-02   2.9718073e-01   3.7162032e-02
   6.1800384e-02   3.7444891e-01   7.7923161e-02
  -7.1636468e-02   8.5392981e-02   2.4219536e-02
   3.0566671e-02  -3.7044745e-01  -8.9702834e-02
   2.5472232e-02  -9.0875621e-02   1.9893594e-02
   4.3690674e-02  -3.2825532e-01  -8.5610583e-02
   5.9392119e-02   3.3707259e-01   7.6142438e-02
  -4.0353369e-02   8.9946366e-02   3.6197285e-02
  -4.7749893e-02   1.4046232e-01   3.5679798e-02
  -6.2016313e-02   8.4187372e-02   2.7912410e-02
   2.7836141e-02   2.3684568e-01   5.9821214e-02
  -1.5484282e-01   2.2986498e-01   1.9217166e-02
   4.3062233e-02  -2.1913166e-01  -5.8174480e-02
   7.3531597e-03  -1.2192558e-02   3.7276615e-02
  -2.2154567e-01   3.1930062e-01   9.6902436e-03
  -5.8541771e-02   9.1107176e-02   2.6799371e-02
  -7.3341546e-02   3.3694900e-01   3.6265657e-02
  -3.1837550e-03   1.4118423e-02   4.8209591e-02
   3.2911497e-02  -1.5000162e-01  -1.9385954e-02
   1.1562313e-02  -4.2186627e-02   3.2272310e-02
  -9.5025036e-02   4.5070197e-01   2.7196958e-02
   3.3460937e-02  -1.4481928e-01  -1.5840347e-02
   2.3210568e-02  -3.9636841e-01  -9.2490145e-02
   3.4888859e-02  -3.6978140e-01  -9.0169195e-02
   2.7473845e-01   6.9385882e-02   1.3087358e-01
  -7.4231806e-02   3.4093181e-01   3.6260651e-02
   2.5911502e-02   1.6538537e-02   6.2370575e-02
  -2.7495651e-01   1.4221201e-01  -1.6083949e-02
  -1.5568584e-02   6.0103095e-02   4.4542682e-02
  -4.7310341e-02   1.3450251e-01   3.3008274e-02
   6.2505163e-02   3.7509135e-01   7.9602297e-02
  -5.4053000e-02   2.5069427e-01   3.7893316e-02
   5.9509289e-02   3.5815665e-01   7.7793621e-02
   3.2572941e-02  -6.5782536e-02   3.0905662e-02
  -5.7555627e-02   2.5862079e-01   3.7632945e-02
   2.1565781e-01   5.4955140e-02   1.1091523e-01
  -2.3317735e-01   3.2751709e-01   7.2323452e-03
  -8.3191203e-02   3.8435864e-01   3.4479848e-02
  -6.2417063e-02   2.7268031e-01   3.6641792e-02
   6.1286536e-02   3.5767077e-01   7.8360889e-02
  -1.3808148e-01   2.0240682e-01   1.9082247e-02
   3.7689075e-02  -1.7817942e-01  -3.7893809e-02
   3.2121472e-02  -3.7142992e-01  -9.0836981e-02
  -1.1464347e-02   3.0297161e-02   4.3844672e-02
  -1.3087476e-01   1.8990648e-01   1.7191771e-02
   2.0277941e-02  -4.0511483e-01  -9.4566229e-02
  -9.4095641e-02   4.4399926e-01   2.8824300e-02
  -7.3822934e-02   3.3914578e-01   3.6288267e-02
  -2.2293068e-02   4.7897609e-02   4.2013455e-02
   4.1682718e-02  -2.0509046e-01  -4.7515986e-02
   3.7121714e-02  -1.5833577e-01  -2.6008395e-02
   4.1385738e-02   3.0597503e-01   7.1766213e-02
   3.4333678e-02  -1.5681890e-01  -2.3958774e-02
   3.8127855e-02  -1.4202223e-01  -1.4841713e-02
   4.3096408e-02  -2.1909765e-01  -5.8475354e-02
   3.5895926e-02  -3.4657618e-01  -8.6492845e-02
   1.8909587e-02  -8.5012919e-02   1.3503100e-02
  -1.9629736e-01   2.9578017e-01   1.4501015e-02
  -1.9078216e-01   2.7303678e-01   1.4401631e-02
   4.9416298e-02  -2.9772589e-01  -8.2586572e-02
  -2.8162658e-01   1.4260996e-01  -1.8181968e-02
   2.0374896e-02  -3.5812078e-02   4.7851367e-02
   4.8390719e-02  -2.7406603e-01  -7.6892079e-02
   2.5740173e-02  -1.1500303e-03   4.8201408e-02
   1.5891919e-01   3.9357423e-02   8.9057509e-02
  -3.8491969e-02   6.7971121e-02   3.4162623e-02
   1.3307334e-02  -6.8362003e-03   5.4042346e-02
  -8.2084810e-02   3.7996595e-01   3.4537108e-02
  -3.8457313e-02   1.6583651e-01   3.7893472e-02
  -4.8444413e-02   2.0511517e-01   3.7463538e-02
   2.9626135e-02   6.3675585e-03   5.7752337e-02
   6.2723707e-02   3.2592772e-01   7.5668343e-02
   3.5940922e-02  -1.2519177e-01  -5.9762467e-03
   4.9424818e-02  -2.7795556e-01  -7.6963927e-02
   4.1264908e-02  -2.0901666e-01  -5.1910662e-02
   6.4725231e-02   4.2664750e-01   7.9229566e-02
   3.8513287e-02   2.1306563e-02   6.3476290e-02
   3.9553827e-02  -1.4404813e-01  -1.5606141e-02
   6.3333333e-02   6.3333333e-02   6.3333333e-02
   1.8580867e-01   3.3049888e-02   9.9330737e-02
   1.6921181e-02  -2.8080224e-02   5.0502340e-02
  -1.2925118e-01   1.9721374e-01   1.8019048e-02
   2.6334628e-02  -4.3145276e-02   4.5041133e-02
  -8.9144800e-02   4.1523079e-01   3.2881509e-02
   3.1136695e-02  -3.7399182e-01  -9.0040733e-02
   2.9347482e-01   7.8962795e-02   1.3828135e-01
  -3.4206022e-02   5.9671269e-02   3.5310552e-02
  -2.7751803e-02   1.1347211e-01   3.9462263e-02
  -9.1213629e-02   4.2808609e-01   3.0665279e-02
   4.8954822e-02  -2.7305609e-01  -7.6455719e-02
   4.4418551e-02  -2.3495322e-01  -6.0914874e-02
   8.9248614e-02   2.9265014e-02   6.9523434e-02
   3.3098839e-02  -1.3480222e-01  -1.0498900e-02
   2.5188032e-02  -6.7428641e-02   3.5800309e-02
   1.8918743e-02  -4.0861905e-01  -9.3988355e-02
  -5.1621203e-02   1.8624629e-01   3.6476324e-02
  -2.5872632e-01   1.2885402e-01  -1.4297983e-02
   4.6120443e-02  -3.2866402e-01  -8.6304949e-02
   2.9172199e-01   7.7688848e-02   1.3786323e-01
   3.2127581e-01   9.0564782e-02   1.3984387e-01
   9.1829041e-03   2.1838506e-01   5.4111738e-02
   3.7767307e-02  -1.2523704e-01  -3.5199520e-03
  -1.6196468e-02   3.2419325e-02   4.2662064e-02
  -7.4132626e-02   3.4088880e-01   3.6051031e-02
   4.2007339e-02  -3.3794112e-01  -8.7572611e-02
  -1.8540256e-02   1.3568105e-01   4.2411032e-02
  -1.5628380e-01   2.2367768e-01   1.7733605e-02
   3.9433377e-02  -3.4766242e-01  -8.8598092e-02
  -7.0400046e-02   3.2452701e-01   3.7354526e-02
  -5.3886220e-02   2.0899825e-01   3.6812368e-02
  -6.8227846e-03   2.1030949e-02   4.5490202e-02
   3.2294457e-02  -1.5894761e-02   5.8122092e-02
   4.5653005e-02   2.8490917e-01   6.9034918e-02
   6.2812644e-02   3.8613825e-01   8.1678427e-02
   4.2922202e-02  -2.7771668e-01  -7.3038161e-02
   3.2656666e-02  -3.7424708e-01  -9.0631075e-02
   3.3490289e-02  -9.8511797e-02   8.3989439e-03
   3.1879003e-02  -3.7199097e-01  -9.0668410e-02
   3.0470560e-02  -1.4459490e-01  -1.7468100e-02
   2.2443438e-02  -3.9916618e-01  -9.3450456e-02
   1.1320211e-02  -5.1982834e-03   5.3862177e-02
   3.5399615e-02  -1.0188008e-01   8.9125737e-03
  -1.5103465e-01   2.1922211e-01   1.6568208e-02
  -3.6627268e-02   9.1334692e-02   3.7238088e-02
   4.0066436e-02  -2.2890269e-01  -5.7765322e-02
   5.4712305e-02   2.9034146e-01   7.1071473e-02
   3.1873597e-02  -1.2135428e-01  -1.5149324e-03
  -4.2926469e-02   1.2507061e-01   3.5190473e-02
  -1.5513036e-01   2.1521969e-01   1.7068619e-02
  -1.4556249e-01   2.2018078e-01   1.8600880e-02
   2.3559803e-01   4.3767824e-02   1.1641458e-01
  -3.2637433e-02   5.8904882e-02   3.5309580e-02
  -1.8645423e-01   2.6776644e-01   1.5299345e-02
   1.2479115e-02   2.4957695e-02   5.5379718e-02
   1.9767739e-03  -4.5034484e-01  -1.0295189e-01
  -8.2378142e-02   3.8096342e-01   3.4409726e-02
   1.7102619e-01   4.9240307e-02   9.5383282e-02
   2.3392218e-02  -1.1335059e-01  -9.3457510e-04
   6.4086672e-02   3.5791929e-01   7.7550094e-02
  -2.7248142e-01   1.3838677e-01  -1.7144193e-02
   3.5542746e-02  -3.6525250e-01  -9.0325796e-02
  -1.7438838e-02   2.6207408e-02   4.1890402e-02
  -4.7184459e-02   1.9700276e-01   3.7779025e-02
   6.4400657e-02   4.0150566e-01   7.8393600e-02
  -6.3333333e-02  -6.3333333e-02  -6.3333333e-02
  -2.1984131e-01   3.3060001e-01   1.0513790e-02
   2.3817524e-01   5.3431471e-02   1.1866709e-01
  -5.3798036e-02   2.3336221e-01   3.7922412e-02
   2.4245745e-01   6.6223100e-02   1.2005277e-01
  -9.0641418e-02   4.2272878e-01   3.1993410e-02
  -1.4015023e-01   8.8358582e-02   1.1096922e-02
   1.1703855e-01   4.7963848e-02   8.4169505e-02
   4.6184739e-02  -3.2073968e-01  -8.5885320e-02
   3.9082343e-02  -3.6259271e-01  -9.0152178e-02
   3.0887973e-01   8.7092191e-02   1.4027591e-01
   2.2947326e-02  -3.5532262e-02   4.9368629e-02
   2.9085950e-02  -3.7477176e-01  -8.9886622e-02
  -8.7738612e-02   4.0745272e-01   3.3058126e-02
   2.2020565e-01   6.2582800e-02   1.1298603e-01
   4.9716351e-02  -3.0569385e-01  -8.4179760e-02
   4.9784697e-02  -2.9245806e-01  -7.9836237e-02
   4.1083213e-02  -2.6517773e-01  -6.8843380e-02
   1.7499581e-02  -7.7474649e-02   1.5664091e-02
  -2.0709208e-01   3.1778403e-01   1.2214927e-02
   4.2677437e-02  -2.1618725e-01  -5.7048832e-02
   4.8516035e-02  -2.7321744e-01  -7.4840455e-02
   8.1601001e-03  -4.0869977e-01  -9.3892503e-02
  -4.6131755e-02   9.2180626e-02   3.0975399e-02
  -2.4770804e-02   1.6027742e-01   4.0997622e-02
   1.2632621e-01   1.6107158e-02   8.2098947e-02
   3.8405360e-02  -1.7110023e-01  -3.1967746e-02
  -7.3046277e-02   3.3506564e-01   3.6390902e-02
  -5.2665932e-02   1.9414084e-01   3.5812131e-02
  -3.0504981e-01   1.6080800e-01  -2.1435923e-02
   2.5170310e-02  -1.0932894e-01   5.4136123e-03
   4.0108928e-02  -1.9459366e-01  -4.5378412e-02
  -5.3112766e-02   2.2129596e-01   3.7780807e-02
  -2.1102376e-01   2.9868110e-01   1.1447270e-02
   2.7695203e-01   6.8405526e-02   1.3238773e-01
   4.1498800e-02   2.5939934e-01   6.5227451e-02
  -1.1340518e-01   8.8715293e-02   1.5487996e-02
   4.4345743e-02  -3.1630392e-01  -8.3515809e-02
   3.9113364e-02  -1.7608982e-01  -3.3750242e-02
   5.1240026e-02  -2.9585435e-01  -8.1366228e-02
   2.7550968e-02   2.4363848e-01   6.0714005e-02
  -1.8377464e-01   2.7106445e-01   1.5562102e-02
   2.5886918e-02  -3.8703729e-01  -9.0505708e-02
  -2.7738285e-01   1.3896179e-01  -1.7808603e-02
   4.5984218e-02  -2.4662532e-01  -6.8213835e-02
  -9.0435011e-02   4.2292606e-01   3.1922113e-02
  -5.6573814e-02   2.5151090e-01   3.8217206e-02
   1.6842351e-02  -2.3947311e-02   5.0997877e-02
   5.1909982e-02  -3.1687891e-01  -8.4803704e-02
  -2.0036245e-01   1.0846232e-01  -3.7031839e-03
  -1.3771341e-01   1.9247970e-01   1.7453633e-02
   4.5493223e-02  -2.4271753e-01  -6.4153505e-02
  -5.2511774e-02   2.4088502e-01   3.8049696e-02
   3.6616146e-02  -1.4169678e-01  -1.5262522e-02
   2.7107789e-01   6.8402459e-02   1.2859309e-01
   5.0561366e-02  -3.4306113e-01  -8.7999961e-02
  -3.7860000e-02   1.5707561e-01   3.8736991e-02
  -6.6942330e-02   3.1036547e-01   3.7011132e-02
   3.8040698e-02  -3.3641720e-01  -8.5077928e-02
   2.0813258e-02   7.9233062e-03   5.8343029e-02
   2.1473949e-01   4.5296706e-02   1.0782551e-01
   3.8848977e-02  -9.1562488e-02   1.9755211e-02
   3.9652156e-02  -2.0187295e-01  -4.9026554e-02
   3.0019104e-02  -7.4177735e-02   2.6233341e-02
   2.7632952e-02  -1.2290793e-01  -5.1390027e-03
  -1.1710892e-01   1.7754093e-01   1.6829686e-02
   5.2110711e-02  -3.2038755e-01  -8.5726530e-02
   1.6229202e-02  -2.9943884e-02   3.9167620e-02
  -1.0486010e-01   1.9067638e-01   2.5127809e-02
  -5.0114351e-02   1.4755231e-01   3.5631668e-02
  -2.9029271e-01   1.4934015e-01  -2.1280777e-02
   3.3013760e-02  -3.6625337e-01  -8.8894515e-02
   3.7041498e-02  -3.5433736e-01  -8.9315021e-02
  -1.2105342e-01   8.2679805e-02   1.4290297e-02
  -5.9002078e-02   2.7852281e-01   3.7896014e-02
  -1.7328259e-01   2.4772775e-01   1.6342848e-02
  -8.8373111e-02   1.4228097e-01   2.1277142e-02
   2.1422287e-02  -4.0020466e-02   4.5749542e-02
  -7.1287073e-02   1.6091258e-01   3.0074913e-02
   3.7748536e-02  -1.8480101e-01  -4.0267862e-02
   2.3372800e-02  -7.9417877e-02   2.2287776e-02
  -1.4970385e-01   1.0420741e-01   6.7003126e-03
   4.2252217e-02  -2.1596876e-01  -5.5237184e-02
   4.7586910e-02  -2.8837951e-01  -7.9722127e-02
   5.0508250e-02  -3.2089802e-01  -8.5090920e-02
   2.5664385e-02  -3.8327554e-01  -9.1227505e-02
   1.3733736e-03   1.8766334e-03   4.6197373e-02
   3.6665654e-02  -1.5153984e-01  -2.1717083e-02
  -7.3380684e-02   6.6822059e-02   2.4733495e-02
   2.1580158e-02  -2.9345668e-02   5.3416087e-02
  -5.7241963e-02   1.4094985e-01   3.0958888e-02
  -2.6308748e-01   1.2761666e-01  -1.4707113e-02
  -3.0627279e-01   1.6203982e-01  -2.1539233e-02
   3.0316471e-02  -3.7202927e-01  -9.0746919e-02
  -1.1818901e-02   2.8255672e-02   3.8904059e-02
   4.9519222e-02  -3.4417719e-01  -8.8245256e-02
  -2.1710196e-02   7.1299387e-02   4.1961867e-02
  -1.5341230e-01   9.5884929e-02   7.4194689e-03
   1.9067279e-02  -1.9729778e-02   5.5719570e-02
   4.6422531e-02  -2.5532268e-01  -7.0907845e-02
   6.2751580e-02   3.7325596e-01   7.7248575e-02
   5.9524693e-02   3.2787244e-01   7.5740159e-02
   4.6440808e-02  -2.5023194e-01  -6.8848076e-02
  -1.2805235e-01   1.7253149e-01   1.7530444e-02
   2.3578019e-02  -3.9507286e-01  -9.2649538e-02
   1.1062055e-02  -8.1391763e-03   4.9198700e-02
  -4.6840309e-02   3.6452334e-02   3.1770102e-02
   6.4099815e-02   3.8125320e-01   7.7656738e-02
  -2.1962097e-01   1.1904610e-01  -6.8768233e-03
  -9.9210275e-02   1.1431579e-01   1.8313596e-02
   6.1523854e-02   1.4984762e-02   6.9831113e-02
  -2.6571717e-02   1.7585445e-01   4.1652594e-02
  -1.0678173e-01   1.8547284e-01   2.4640832e-02
   3.4364030e-02  -1.2611819e-01  -8.4934212e-03
  -5.7516446e-02   2.3964393e-01   3.7243789e-02
  -5.1750328e-02   1.4333192e-01   3.2472119e-02
  -3.8522269e-02   7.6456930e-02   3.4616486e-02
  -1.6740517e-01   2.4608946e-01   1.6175444e-02
   1.1738919e-02  -1.4573886e-02   4.4882609e-02
   3.6774674e-02  -1.5986430e-01  -2.7441977e-02
  -1.9140566e-01   1.0826418e-01  -5.4989594e-05
  -9.0813221e-03   2.6993472e-02   4.0175667e-02
  -2.0461155e-02   5.6147129e-02   4.3480970e-02
   3.0147550e-02   5.7719278e-03   5.3987946e-02
   2.4808738e-02  -6.8477478e-02   3.3132076e-02
   2.1086458e-02  -3.2894485e-02   3.7042213e-02
   4.0135135e-02  -2.1233637e-01  -5.0448073e-02
  -1.3332564e-02   4.8180733e-03   3.5706768e-02
  -8.2545103e-02   6.2046659e-02   2.4218025e-02
   3.7053040e-02  -1.7954154e-01  -3.6102204e-02
  -2.9706622e-01   1.5473936e-01  -2.2090352e-02
   3.5431805e-02  -1.2846936e-01  -6.6567402e-03
   6.4261228e-06   1.1359863e-02   4.3652572e-02
   3.2981186e-02  -1.1322360e-01   4.2877849e-03
   4.0392744e-02  -3.0508331e-01  -7.8842456e-02
  -8.3801432e-02   3.8829444e-01   3.4343457e-02
   6.2597578e-02   3.3796898e-01   7.6738951e-02
   4.1929881e-02  -2.5639441e-01  -6.7453060e-02
   3.9856308e-02  -1.0738065e-01   9.1925652e-03
  -3.3613550e-02   1.4194752e-01   3.9918662e-02
  -2.0912980e-01   3.1901235e-01   1.2371995e-02
   3.1618036e-02  -1.2169330e-01  -2.9987144e-03
   6.0241499e-02   3.5564246e-01   7.6755419e-02
   4.4492046e-02  -2.3306808e-01  -6.1238990e-02
   4.2722974e-02  -2.8157815e-01  -7.4439187e-02
   1.6832212e-02  -1.6605176e-02   4.7331287e-02
   2.1443779e-02  -8.8064733e-02   1.7208805e-02
   3.4465796e-02  -8.4142218e-02   2.4241699e-02
  -5.6086483e-02   1.7195075e-01   3.3573266e-02
   3.1083580e-02  -3.7380343e-01  -8.9433882e-02
   2.3174297e-02  -4.4633675e-02   3.0976632e-02
  -4.6273660e-02   8.3948787e-02   3.0791260e-02
   2.0269675e-02  -2.3934001e-02   4.7417996e-02
   3.9928895e-02  -1.9384511e-01  -4.6772979e-02
  -9.3701745e-02   4.4025988e-01   2.9948089e-02
   4.4877566e-02  -2.9282043e-01  -7.8023780e-02
   4.0451365e-02  -3.0569116e-01  -7.9182732e-02
   4.4529634e-02  -2.7022081e-01  -7.1882317e-02
   3.4565939e-02  -3.5934173e-01  -8.8751359e-02
   1.5672225e-02  -3.9494124e-02   2.9541438e-02
   2.8698101e-02  -3.7759684e-01  -9.1310210e-02
  -3.0158846e-01   1.5799055e-01  -2.3702384e-02
   1.6232344e-02  -5.7427155e-02   2.9860231e-02
  -2.9056942e-01   1.4936718e-01  -2.0006316e-02
   4.0948544e-02  -3.1729189e-01  -8.2029935e-02
  -3.4182688e-02   9.3691042e-02   3.7375225e-02
   1.8250835e-01   2.8951155e-02   1.0017014e-01
   6.6561975e-03  -4.0625059e-01  -9.3935418e-02
   3.2564774e-02   2.2328484e-02   5.3782996e-02
  -6.0894665e-02   2.7616387e-01   3.7875982e-02
  -5.5357730e-02   9.8144031e-02   2.8888439e-02
   2.0205212e-02  -6.4407809e-02   3.5682456e-02
   1.3911436e-02  -4.0333530e-02   3.4371323e-02
   7.1467361e-03  -4.3828034e-01  -9.9939228e-02
  -1.7179895e-01   2.5217669e-01   1.7135307e-02
   2.0576138e-02  -1.6440190e-02   4.0383233e-02
   6.0673405e-02   3.1765835e-01   7.4384258e-02
   3.6087608e-02  -1.3378133e-01  -1.1723895e-02
   4.8119317e-02  -3.0165276e-01  -8.3069828e-02
   2.3089964e-02  -5.4691789e-02   4.2742480e-02
   2.4863473e-02  -5.7648862e-02   2.7108552e-02
   3.7764006e-02  -3.5371229e-01  -8.9276887e-02
   5.0607519e-02  -2.9197515e-01  -8.1279034e-02
  -2.3271790e-01   1.1933627e-01  -9.2728846e-03
  -4.1926101e-03   1.8511132e-01   4.8191192e-02
   3.7807282e-02  -1.7118342e-01  -3.3703238e-02
   4.3630135e-02   2.8413219e-01   6.8152885e-02
   2.9824067e-01   8.1567082e-02   1.3831186e-01
   3.9521917e-02  -2.1277802e-01  -5.2374907e-02
   3.8938051e-02  -3.6232068e-01  -8.9639833e-02
  -7.0348847e-02   1.3204127e-01   2.6219428e-02
   2.3887200e-02  -3.8790264e-01  -9.1434450e-02
  -8.9209112e-02   6.3446477e-02   2.2992644e-02
   6.3608427e-02   3.6520093e-01   7.9239975e-02
   3.8461977e-02  -1.9477712e-01  -4.4748799e-02
  -2.3720370e-02   9.9098907e-02   4.0673483e-02
   4.7407810e-02  -3.1534388e-01  -8.4229997e-02
  -2.5618366e-02   1.7279378e-02   3.6403344e-02
   2.6191318e-02  -5.0956115e-02   3.2578740e-02
   2.0320844e-02  -3.6530038e-02   5.1283920e-02
  -2.7010276e-02   5.0723117e-02   3.7856432e-02
   2.7857817e-02  -3.7695799e-01  -9.1100378e-02
  -1.4846479e-02   3.1705194e-02   4.2414359e-02
  -1.2810744e-01   1.7018500e-01   1.7153577e-02
   2.0702650e-02  -3.9341712e-01  -9.1746853e-02
   1.9124359e-01   5.8047124e-02   1.0386514e-01
   3.5134967e-02  -3.4996991e-01  -8.6784671e-02
   2.7619141e-02  -7.0948651e-02   2.9844485e-02
   3.6440016e-02  -1.4945721e-01  -2.1163584e-02
   4.2530759e-02  -3.3901037e-01  -8.7926960e-02
   1.7152503e-02  -4.3451678e-02   4.2684822e-02
  -1.0293360e-01   1.3887550e-01   2.0143758e-02
   2.6897918e-02  -6.7948526e-02   2.0747166e-02
   3.9420223e-02  -3.3459662e-01  -8.5088085e-02
  -8.4078116e-02   3.8902979e-01   3.4629917e-02
  -5.3753983e-02   1.4225183e-01   3.3676658e-02
  -5.6409632e-02   2.5493081e-01   3.8200708e-02
   1.9099251e-02  -2.7936884e-02   4.0134105e-02
  -8.4352425e-02   1.0791555e-01   1.9701357e-02
   2.6252256e-02  -9.6796054e-02   1.4229121e-02
  -1.0447868e-01   8.5689546e-02   1.6943600e-02
   1.3938625e-02  -4.0579017e-01  -9.1681068e-02
  -9.2617338e-02   4.3304071e-01   3.1089456e-02
   3.5711763e-02  -2.5661901e-02   4.9711770e-02
  -4.3936202e-02   6.6279132e-02   3.2392473e-02
   2.2182262e-02  -8.8808942e-03   5.7436151e-02
   1.2513580e-02  -4.2472359e-01  -9.7005913e-02
   3.2910612e-02  -1.5246200e-01  -2.2075633e-02
  -1.3029947e-01   1.0803453e-01   1.0160210e-02
   2.1746202e-02  -3.9844091e-01  -9.1458470e-02
  -8.6120018e-03   4.2359786e-02   4.7018240e-02
  -1.5925395e-01   2.2579901e-01   1.6997787e-02
   4.9844146e-02   2.8260460e-01   6.9318918e-02
   4.0747361e-02  -1.9896327e-01  -4.8916258e-02
   2.4399485e-02  -4.5358608e-02   3.7043598e-02
  -2.9603803e-01   1.5375937e-01  -1.9879624e-02
   3.0210085e-02  -6.2419900e-02   2.9008445e-02
  -5.2024804e-02   1.2303348e-01   3.0715580e-02
  -6.2628220e-02   2.8772431e-01   3.7691946e-02
   4.0211963e-02  -1.9708262e-01  -4.4255940e-02
   1.8878847e-02  -4.8663117e-02   3.9237866e-02
   2.1624168e-02  -5.1012931e-02   4.5490363e-02
   4.6057376e-02  -2.9950549e-01  -8.0344700e-02
  -3.9678505e-02   1.5849590e-01   3.6595895e-02
  -8.9584369e-02   1.3182577e-01   2.2711389e-02
  -8.4739723e-02   3.9270708e-01   3.4586718e-02
   1.4643452e-02   2.1635690e-01   5.5126411e-02
   1.4891326e-02   2.0857240e-01   5.4530990e-02
   3.8288873e-02  -3.4851129e-01  -8.7852535e-02
   4.7656971e-02  -3.1094767e-01  -8.4492370e-02
   4.3517121e-03   3.5234593e-03   4.8357611e-02
   2.8629210e-02  -3.8172644e-01  -9.1644997e-02
   4.0531742e-02  -1.9939197e-01  -4.7165890e-02
   3.2423493e-01   9.2116042e-02   1.4049128e-01
  -2.6801462e-02   1.1982131e-01   3.9613217e-02
   3.6999530e-02  -1.5949277e-01  -2.6925822e-02
  -1.1550151e-02  -1.0268439e-03   3.5541978e-02
  -6.6829681e-02   3.0650053e-01   3.7110704e-02
   4.4470912e-02  -2.3298707e-01  -6.2987146e-02
  -7.0774866e-03   1.7180540e-01   4.6545198e-02
   4.8906995e-02  -3.3049298e-01  -8.6683151e-02
   3.6105737e-02  -1.6288835e-01  -2.9931559e-02
   9.2406589e-03  -5.8473495e-03   5.1317894e-02
  -9.0087590e-02   4.1933170e-01   3.2531883e-02
   2.9773008e-01   8.2819812e-02   1.3933944e-01
  -1.2732814e-01   1.7517086e-01   1.7797147e-02
