109
   1.6949368e-01  -8.4243233e-02   4.9750513e-02
   2.0000000e-02  -2.8000000e-01  -1.0000000e-02
   2.0216922e-02  -1.9955693e-01   1.1354205e-02
   8.6165056e-02   1.9570433e-01   1.3184965e-01
  -2.1733508e-01   2.6294392e-01   7.8676645e-02
   1.6949368e-01  -8.4243233e-02   4.9750513e-02
   2.7846499e-02  -1.8490950e-01  -6.2223128e-03
  -1.3908654e-01  -3.5040639e-02  -4.2883270e-02
   2.5000000e-01   8.0000000e-02   1.7000000e-01
  -1.2599672e-01  -6.6476128e-02  -6.3046704e-02
  -1.0000000e-01   3.0000000e-01   2.0000000e-02
  -9.0000000e-02   2.4000000e-01   5.0000000e-02
   6.1400211e-02   1.2533509e-01   1.7218883e-02
  -4.3376442e-03  -3.9828261e-02   2.4225138e-02
  -4.3376442e-03  -3.9828261e-02   2.4225138e-02
   1.6000000e-01  -3.5000000e-01  -1.0000000e-01
   3.0000000e-02  -2.1000000e-01   2.0000000e-02
   2.4000000e-01   3.0000000e-02   8.0000000e-02
  -1.1225572e-01   2.6332345e-01   1.7004600e-02
   1.6949368e-01  -8.4243233e-02   4.9750513e-02
   1.8018981e-01  -8.3074325e-02   4.0830491e-02
   9.0195340e-02  -2.1281129e-01  -8.2072939e-02
   9.0195340e-02  -2.1281129e-01  -8.2072939e-02
  -2.1252651e-01   1.0614592e-01   1.4418295e-04
   2.7426028e-02  -4.2700497e-01  -9.2107957e-02
  -7.5193002e-02   4.0018718e-01   3.6986906e-02
  -2.2767891e-01   3.4944362e-01   2.0555279e-02
  -1.4894045e-01   1.3203737e-01   1.9449067e-02
  -1.4797546e-01   2.1159550e-02  -9.9496755e-03
  -1.2584517e-01   1.3830212e-02  -3.0826739e-02
   2.7338937e-01   5.5107975e-02   1.1294335e-01
   2.6000000e-01  -6.0000000e-02   7.0000000e-02
   4.1742620e-01  -1.7398207e-01  -3.7793052e-02
   8.6209420e-02  -2.2192705e-01  -7.8233240e-02
   1.6000000e-01  -3.5000000e-01  -1.0000000e-01
  -5.0000000e-02  -3.3000000e-01  -1.3000000e-01
   8.5804196e-02   1.7673389e-01   1.1735820e-01
   8.5804196e-02   1.7673389e-01   1.1735820e-01
   8.5804196e-02   1.7673389e-01   1.1735820e-01
   8.5804196e-02   1.7673389e-01   1.1735820e-01
   8.5804196e-02   1.7673389e-01   1.1735820e-01
   1.6626468e-01  -8.8664697e-02   5.9794891e-02
   1.3000000e-01  -3.1000000e-01  -2.0000000e-02
   1.6886996e-01  -8.2590523e-02   5.1140202e-02
  -2.8000000e-01   1.9000000e-01  -2.0000000e-02
  -2.2767891e-01   3.4944362e-01   2.0555279e-02
  -2.1252651e-01   1.0614592e-01   1.4418295e-04
  -1.3908654e-01  -3.5040639e-02  -4.2883270e-02
   2.7846499e-02  -1.8490950e-01  -6.2223128e-03
  -7.5193002e-02   4.0018718e-01   3.6986906e-02
   1.4968710e-02   2.6357992e-01   5.4098011e-02
   8.5804196e-02   1.7673389e-01   1.1735820e-01
  -0.0000000e+00   5.0000000e-02   7.0000000e-02
  -1.1725464e-01  -1.8975575e-02  -1.8776798e-02
  -9.3058951e-02   8.5851397e-02   1.5719589e-02
   2.5000000e-01  -1.0000000e-02   1.4000000e-01
  -1.2441242e-01   7.3010008e-03  -3.2562254e-02
   2.0000000e-02   2.2000000e-01   7.0000000e-02
  -8.0334952e-02   5.9449658e-02  -8.4948940e-02
  -1.0000000e-01  -1.4000000e-01   2.0000000e-02
  -8.0000000e-02   4.3000000e-01   1.0000000e-02
   6.0000000e-02   3.2000000e-01   5.0000000e-02
  -3.7846677e-02   3.3672004e-01  -3.5717487e-02
  -2.1733508e-01   2.6294392e-01   7.8676645e-02
   2.7338937e-01   5.5107975e-02   1.1294335e-01
   2.7338937e-01   5.5107975e-02   1.1294335e-01
   2.7338937e-01   5.5107975e-02   1.1294335e-01
   1.2000000e-01   0.0000000e+00  -3.0000000e-02
  -4.3376442e-03  -3.9828261e-02   2.4225138e-02
  -4.3376442e-03  -3.9828261e-02   2.4225138e-02
  -2.6621286e-01   4.6905247e-02  -5.9371514e-04
  -3.7846677e-02   3.3672004e-01  -3.5717487e-02
  -2.6621286e-01   4.6905247e-02  -5.9371514e-04
   3.0000000e-01   8.0000000e-02   1.8000000e-01
   1.4826948e-01  -6.0207694e-02  -7.3580266e-02
   1.1000000e-01  -1.9000000e-01   6.0000000e-02
   6.1400211e-02   1.2533509e-01   1.7218883e-02
  -1.4894045e-01   1.3203737e-01   1.9449067e-02
  -4.3376442e-03  -3.9828261e-02   2.4225138e-02
  -4.3376442e-03  -3.9828261e-02   2.4225138e-02
  -4.3376442e-03  -3.9828261e-02   2.4225138e-02
   1.9647503e-02   2.3337940e-01   5.9771044e-02
  -2.6621286e-01   4.6905247e-02  -5.9371514e-04
  -8.2524778e-02   5.9183619e-02  -1.5254192e-01
  -5.9813704e-02   6.7239149e-02  -1.4540408e-01
   2.7426028e-02  -4.2700497e-01  -9.2107957e-02
   1.0000000e-02  -4.5000000e-01  -1.8000000e-01
   1.3827497e-01  -8.4349993e-02  -6.6574102e-02
   1.3827497e-01  -8.4349993e-02  -6.6574102e-02
   1.2088681e-01  -7.8434751e-02  -4.5772815e-02
   1.2088681e-01  -7.8434751e-02  -4.5772815e-02
  -2.0000000e-02  -2.9000000e-01  -2.0000000e-02
  -3.4000000e-01   2.0000000e-01  -1.0000000e-02
  -3.0000000e-02   1.3000000e-01   8.0000000e-02
  -7.2780237e-02   5.6769155e-02  -1.1451249e-01
  -1.9847021e-02  -1.5094944e-01  -6.8794172e-02
  -1.9847021e-02  -1.5094944e-01  -6.8794172e-02
   2.0000000e-02  -3.7000000e-01  -0.0000000e+00
   1.2000000e-01  -3.9000000e-01  -1.0000000e-02
  -4.0000000e-02  -4.8000000e-01  -1.5000000e-01
  -3.5000000e-01   2.1000000e-01  -6.0000000e-02
   1.9031600e-02  -2.0807184e-01  -1.4874467e-02
   1.6212891e-01  -6.9608478e-02  -9.4444688e-02
   2.5915225e-01  -7.0888934e-01  -6.2396694e-02
   2.5915225e-01  -7.0888934e-01  -6.2396694e-02
   2.5915225e-01  -7.0888934e-01  -6.2396694e-02
   2.5915225e-01  -7.0888934e-01  -6.2396694e-02
   4.0000000e-02  -4.5000000e-01  -1.7000000e-01
  -6.0000000e-02  -5.0000000e-01  -7.0000000e-02
