109
0.18 -0.15 0.02
0.02 -0.28 -0.01
0.03 -0.14 -0.14
0.06 0.26 0.11
-0.18 0.28 -0.01
0.22 -0.04 0.02
0.09 -0.13 -0.12
-0.14 -0.07 -0.05
0.25 0.08 0.17
-0.1 -0.13 -0.1
-0.1 0.3 0.02
-0.09 0.24 0.05
0.08 0.12 -0.01
0.03 0.07 -0.05
-0.01 0.03 -0.07
0.16 -0.35 -0.1
0.03 -0.21 0.02
0.24 0.03 0.08
-0.03 0.31 0.04
0.21 -0.07 0.01
0.22 -0.09 0.01
0.12 -0.19 -0.13
0.14 -0.2 -0.11
-0.25 0.07 -0.02
-0.06 -0.42 -0.1
-0.09 0.39 0.07
-0.24 0.36 0.03
-0.16 0.14 0.03
-0.19 0.02 0.02
-0.17 -0.01 0.04
0.29 0.03 0.11
0.26 -0.06 0.07
0.16 -0.23 -0.07
0.16 -0.2 -0.07
0.16 -0.35 -0.1
-0.05 -0.33 -0.13
0.09 0.24 0.1
0.08 0.2 0.1
0.08 0.19 0.1
0.08 0.16 0.09
0.1 0.06 0.09
0.19 -0.11 0.1
0.13 -0.31 -0.02
0.19 -0.13 0.07
-0.28 0.19 -0.02
-0.23 0.34 0.04
-0.23 0.08 -0.04
-0.15 0 -0.05
0.07 -0.12 -0.13
-0.07 0.41 0.06
-0.02 0.25 0.06
0.07 0.14 0.1
-0 0.05 0.07
-0.11 -0.03 0.04
-0.05 -0.02 0.04
0.25 -0.01 0.14
-0.13 -0.04 0.04
0.02 0.22 0.07
-0.1 0.1 0.05
-0.1 -0.14 0.02
-0.08 0.43 0.01
0.06 0.32 0.05
-0.05 0.32 0
-0.17 0.3 -0
0.29 0.08 0.1
0.29 0.06 0.1
0.28 0.06 0.09
0.12 0 -0.03
0.05 -0 -0.08
0.03 -0.04 -0.1
-0.2 0.12 0
-0.06 0.34 0.01
-0.21 0.13 -0
0.3 0.08 0.18
0.11 -0.06 0.1
0.11 -0.19 0.06
0.06 0.15 0
-0.15 0.12 0.01
-0.06 0.04 -0.06
-0.05 -0.02 -0.09
0 -0.05 -0.1
-0.01 0.19 0.04
-0.18 0.09 -0.02
-0.12 0.09 0.05
-0.09 0.05 0.05
-0.06 -0.43 -0.06
0.01 -0.45 -0.18
0.02 -0.09 0.04
0.04 -0.1 0.05
0.08 -0.09 0.09
0.08 -0.1 0.08
-0.02 -0.29 -0.02
-0.34 0.2 -0.01
-0.03 0.13 0.08
-0.08 0.09 0.06
-0.01 -0.21 0.02
-0.04 -0.24 -0.01
0.02 -0.37 -0
0.12 -0.39 -0.01
-0.04 -0.48 -0.15
-0.35 0.21 -0.06
0.03 -0.16 -0.15
0.05 -0.06 0.06
0.14 -0.4 -0.11
0.12 -0.41 -0.12
0.11 -0.41 -0.1
0.09 -0.42 -0.08
0.04 -0.45 -0.17
-0.06 -0.5 -0.07
